1 11 670
18 17 10 41     3.04166575221592e+05     3.47366576676175e+05     4.22627693900958e+01
10 41 10 42     7.05640298180788e+05     1.20243240843316e+06     4.90495333905242e+02
10 42 10 43     1.56070612993778e+06     2.05750162770395e+06     9.38726123277519e+02
10 43 17 18     2.41577534920856e+06     2.45898546454556e+06     1.31306574411600e+03
17 18 18 18     2.76249373114434e+06     2.80569600633422e+06     1.50170004465826e+03
18 18 10 44     3.10986258155581e+06     3.15306258155581e+06     1.57836668239521e+03
10 44 10 45     3.51133630306042e+06     4.15933630306042e+06     1.95637754384451e+03
10 45 10 46     4.51761002456504e+06     5.16561002456504e+06     2.33438840529381e+03
10 46 17 19     5.52388374606965e+06     5.56708374606965e+06     2.61797271622419e+03
17 19 18 19     5.87059201266843e+06     5.95699201266843e+06     2.88072109632736e+03
18 19 10 47     6.26115858789003e+06     6.30435858789003e+06     2.96564153557395e+03
2 11 660
18 17 17 17     3.04166575221592e+05     3.47366591317814e+05     1.32348397563978e+02
17 17 10 40     6.50874857916601e+05     1.32494555440767e+06     4.53297889104285e+02
10 40 10 39     1.68321927591229e+06     2.47794856332499e+06     7.78528692580697e+02
10 39 18 16     2.83622228482960e+06     2.87942234544717e+06     8.83099336423225e+02
18 16 17 16     3.18358892066876e+06     3.22678898160501e+06     1.08223416079426e+03
17 16 10 38     3.53029724820380e+06     4.07306949319714e+06     1.38234549217737e+03
10 38 10 37     4.43134321470176e+06     5.22777713927490e+06     1.70703815736331e+03
10 37 18 15     5.58605086077951e+06     5.62925568397174e+06     1.86190674774369e+03
18 15 17 15     5.93342225919333e+06     5.97662420145884e+06     2.12962010319260e+03
17 15 10 36     6.28013246805763e+06     6.32333283620547e+06     2.47439362453153e+03
10 36 10 35     6.68160655771008e+06     7.50239313298420e+06     2.79156609094201e+03
