1 11 670
18 9 10 21     3.04166575221592e+05     3.47366575775813e+05     4.22627694284802e+01
10 21 10 22     7.05640297280426e+05     1.44609380431267e+06     3.85475554388782e+02
10 22 10 23     1.80436752581729e+06     2.54481261762073e+06     7.28691259603162e+02
10 23 17 10     2.90308633912534e+06     3.40938773969105e+06     1.00803883524718e+03
17 10 10 24     3.71289600628984e+06     3.75609600633422e+06     1.22528252533954e+03
10 24 18 10     4.11436972783883e+06     4.15756972783883e+06     1.27521248199272e+03
18 10 10 25     4.46173630306042e+06     5.14863765333308e+06     1.58288567457234e+03
10 25 10 26     5.50691137483769e+06     6.24561002424270e+06     1.92670835021204e+03
10 26 17 11     6.60388374574731e+06     6.64708374606965e+06     2.29768727871129e+03
17 11 10 27     6.95059201266843e+06     7.03699201266843e+06     2.58891045660230e+03
10 27 18 11     7.39526573417305e+06     7.43846573417305e+06     2.64326267917776e+03
2 11 660
18 9 17 9     3.04166575221592e+05     3.47366766850779e+05     1.32348394651117e+02
17 9 10 20     6.50875033449566e+05     1.32494761814069e+06     4.53297296794192e+02
10 20 10 19     1.68322133964530e+06     2.47794856332499e+06     7.78528752719508e+02
10 19 18 8     2.83622228482960e+06     2.87942228482960e+06     8.83099401135896e+02
18 8 17 8     3.18358886005120e+06     3.22678890335362e+06     1.08223422458858e+03
17 8 10 18     3.53029716995241e+06     4.09541654090604e+06     1.37542353089717e+03
10 18 10 17     4.45369026241065e+06     5.27098093753979e+06     1.69365656821850e+03
10 17 18 7     5.62925465904440e+06     5.67245939931589e+06     1.84400193453649e+03
18 7 17 7     5.97662597453749e+06     6.01982598394293e+06     2.11279293531089e+03
17 7 10 16     6.32333425054172e+06     6.36653432553566e+06     2.46106306314216e+03
10 16 10 15     6.72480804704027e+06     7.54559313298420e+06     2.77823598004691e+03
