1 11 670
18 1 10 1     3.04166575221592e+05     3.47367755690591e+05     4.56115327386936e+01
10 1 10 2     7.05641477195204e+05     1.52642968619698e+06     3.62783504978709e+02
10 2 10 3     1.88470340770159e+06     2.70550890888559e+06     6.79950246757415e+02
10 3 17 2     3.06378263039020e+06     3.10698305247286e+06     1.10325703700827e+03
17 2 10 4     3.41049131907165e+06     3.45369600633422e+06     1.34842498173591e+03
10 4 18 2     3.81196972783883e+06     3.85516972783883e+06     1.37660337152327e+03
18 2 10 5     4.15933630306042e+06     4.84581180283787e+06     1.73944828952604e+03
10 5 10 6     5.20408552434248e+06     5.93799474528488e+06     2.08494494867420e+03
10 6 17 3     6.29626846678949e+06     6.73343560120665e+06     2.31391887190775e+03
17 3 10 7     7.03694386780544e+06     7.08014390498917e+06     2.60786192574578e+03
10 7 18 3     7.43841762649378e+06     7.48166573417305e+06     2.66220684486123e+03
2 11 660
18 1 17 1     3.04166575221592e+05     3.47366997862517e+05     1.31271773640311e+02
17 1 10 60     6.50875264461304e+05     1.39950973859180e+06     4.00264398830905e+02
10 60 10 59     1.75778346009642e+06     2.60753599417212e+06     7.08885297088740e+02
10 59 18 24     2.96580971567674e+06     3.00901217799011e+06     8.04572214275952e+02
18 24 17 24     3.31317875321171e+06     3.35637914549296e+06     1.00586129756875e+03
17 24 10 58     3.65988741209175e+06     4.24767542676801e+06     1.27059952560323e+03
10 58 10 57     4.60594914827262e+06     5.40057163450213e+06     1.59586409727111e+03
10 57 18 23     5.75884535600675e+06     5.80204614235428e+06     1.73717639219591e+03
18 23 17 23     6.10621271757587e+06     6.14941610581807e+06     2.00812172447121e+03
17 23 10 56     6.45292437241685e+06     6.49612646549833e+06     2.36338397004117e+03
10 56 10 55     6.85440018700294e+06     7.58879313298420e+06     2.70871092931967e+03

