17 1 1 6918.1363 1e-05 1.0471975511966 0.0436332312998582 0 0
18 1 2 6928.1363 1e-05 1.0471975511966 0.0610865238198015 0 0.125663706143592
17 1 2 6918.1363 1e-05 1.0471975511966 0.0436332312998582 0 0.125663706143592
18 1 3 6928.1363 1e-05 1.0471975511966 0.0610865238198015 0 0.251327412287183
17 1 3 6918.1363 1e-05 1.0471975511966 0.0436332312998582 0 0.251327412287183
18 1 4 6928.1363 1e-05 1.0471975511966 0.0610865238198015 0 0.376991118430775
17 1 4 6918.1363 1e-05 1.0471975511966 0.0436332312998582 0 0.376991118430775
18 1 5 6928.1363 1e-05 1.0471975511966 0.0610865238198015 0 0.502654824574367
17 1 5 6918.1363 1e-05 1.0471975511966 0.0436332312998582 0 0.502654824574367
18 1 6 6928.1363 1e-05 1.0471975511966 0.0610865238198015 0 0.628318530717959
17 1 6 6918.1363 1e-05 1.0471975511966 0.0436332312998582 0 0.628318530717959
18 1 7 6928.1363 1e-05 1.0471975511966 0.0610865238198015 0 0.75398223686155
17 1 7 6918.1363 1e-05 1.0471975511966 0.0436332312998582 0 0.75398223686155
18 1 8 6928.1363 1e-05 1.0471975511966 0.0610865238198015 0 0.879645943005142
17 1 8 6918.1363 1e-05 1.0471975511966 0.0436332312998582 0 0.879645943005142
18 1 9 6928.1363 1e-05 1.0471975511966 0.0610865238198015 0 1.00530964914873
17 1 9 6918.1363 1e-05 1.0471975511966 0.0436332312998582 0 1.00530964914873
18 1 10 6928.1363 1e-05 1.0471975511966 0.0610865238198015 0 1.13097335529233
17 1 10 6918.1363 1e-05 1.0471975511966 0.0436332312998582 0 1.13097335529233
18 1 11 6928.1363 1e-05 1.0471975511966 0.0610865238198015 0 1.25663706143592
17 1 11 6918.1363 1e-05 1.0471975511966 0.0436332312998582 0 1.25663706143592
18 1 12 6928.1363 1e-05 1.0471975511966 0.0610865238198015 0 1.38230076757951
17 1 12 6918.1363 1e-05 1.0471975511966 0.0436332312998582 0 1.38230076757951
18 1 13 6928.1363 1e-05 1.0471975511966 0.0610865238198015 0 1.5079644737231
17 1 13 6918.1363 1e-05 1.0471975511966 0.0436332312998582 0 1.5079644737231
18 1 14 6928.1363 1e-05 1.0471975511966 0.0610865238198015 0 1.63362817986669
17 1 14 6918.1363 1e-05 1.0471975511966 0.0436332312998582 0 1.63362817986669
18 1 15 6928.1363 1e-05 1.0471975511966 0.0610865238198015 0 1.75929188601028
17 1 15 6918.1363 1e-05 1.0471975511966 0.0436332312998582 0 1.75929188601028
18 1 16 6928.1363 1e-05 1.0471975511966 0.0610865238198015 0 1.88495559215388
17 1 16 6918.1363 1e-05 1.0471975511966 0.0436332312998582 0 1.88495559215388
18 1 17 6928.1363 1e-05 1.0471975511966 0.0610865238198015 0 2.01061929829747
17 1 17 6918.1363 1e-05 1.0471975511966 0.0436332312998582 0 2.01061929829747
18 1 18 6928.1363 1e-05 1.0471975511966 0.0610865238198015 0 2.13628300444106
17 1 18 6918.1363 1e-05 1.0471975511966 0.0436332312998582 0 2.13628300444106
18 1 19 6928.1363 1e-05 1.0471975511966 0.0610865238198015 0 2.26194671058465
17 1 19 6918.1363 1e-05 1.0471975511966 0.0436332312998582 0 2.26194671058465
18 1 20 6928.1363 1e-05 1.0471975511966 0.0610865238198015 0 2.38761041672824
17 1 20 6918.1363 1e-05 1.0471975511966 0.0436332312998582 0 2.38761041672824
18 1 21 6928.1363 1e-05 1.0471975511966 0.0610865238198015 0 2.51327412287183
17 1 21 6918.1363 1e-05 1.0471975511966 0.0436332312998582 0 2.51327412287183
18 1 22 6928.1363 1e-05 1.0471975511966 0.0610865238198015 0 2.63893782901543
17 1 22 6918.1363 1e-05 1.0471975511966 0.0436332312998582 0 2.63893782901543
18 1 23 6928.1363 1e-05 1.0471975511966 0.0610865238198015 0 2.76460153515902
17 1 23 6918.1363 1e-05 1.0471975511966 0.0436332312998582 0 2.76460153515902
18 1 24 6928.1363 1e-05 1.0471975511966 0.0610865238198015 0 2.89026524130261
17 1 24 6918.1363 1e-05 1.0471975511966 0.0436332312998582 0 2.89026524130261
18 1 25 6928.1363 1e-05 1.0471975511966 0.0610865238198015 0 3.0159289474462
17 1 25 6918.1363 1e-05 1.0471975511966 0.0436332312998582 0 3.0159289474462
18 1 26 6928.1363 1e-05 1.0471975511966 0.0610865238198015 0 3.14159265358979
17 1 26 6918.1363 1e-05 1.0471975511966 0.0436332312998582 0 3.14159265358979
18 1 27 6928.1363 1e-05 1.0471975511966 0.0610865238198015 0 3.26725635973339
17 1 27 6918.1363 1e-05 1.0471975511966 0.0436332312998582 0 3.26725635973339
18 1 28 6928.1363 1e-05 1.0471975511966 0.0610865238198015 0 3.39292006587698
17 1 28 6918.1363 1e-05 1.0471975511966 0.0436332312998582 0 3.39292006587698
18 1 29 6928.1363 1e-05 1.0471975511966 0.0610865238198015 0 3.51858377202057
17 1 29 6918.1363 1e-05 1.0471975511966 0.0436332312998582 0 3.51858377202057
18 1 30 6928.1363 1e-05 1.0471975511966 0.0610865238198015 0 3.64424747816416
17 1 30 6918.1363 1e-05 1.0471975511966 0.0436332312998582 0 3.64424747816416
18 1 31 6928.1363 1e-05 1.0471975511966 0.0610865238198015 0 3.76991118430775
17 1 31 6918.1363 1e-05 1.0471975511966 0.0436332312998582 0 3.76991118430775
18 1 32 6928.1363 1e-05 1.0471975511966 0.0610865238198015 0 3.89557489045134
17 1 32 6918.1363 1e-05 1.0471975511966 0.0436332312998582 0 3.89557489045134
18 1 33 6928.1363 1e-05 1.0471975511966 0.0610865238198015 0 4.02123859659494
17 1 33 6918.1363 1e-05 1.0471975511966 0.0436332312998582 0 4.02123859659494
18 1 34 6928.1363 1e-05 1.0471975511966 0.0610865238198015 0 4.14690230273853
17 1 34 6918.1363 1e-05 1.0471975511966 0.0436332312998582 0 4.14690230273853
18 1 35 6928.1363 1e-05 1.0471975511966 0.0610865238198015 0 4.27256600888212
17 1 35 6918.1363 1e-05 1.0471975511966 0.0436332312998582 0 4.27256600888212
18 1 36 6928.1363 1e-05 1.0471975511966 0.0610865238198015 0 4.39822971502571
17 1 36 6918.1363 1e-05 1.0471975511966 0.0436332312998582 0 4.39822971502571
18 1 37 6928.1363 1e-05 1.0471975511966 0.0610865238198015 0 4.5238934211693
17 1 37 6918.1363 1e-05 1.0471975511966 0.0436332312998582 0 4.5238934211693
18 1 38 6928.1363 1e-05 1.0471975511966 0.0610865238198015 0 4.64955712731289
17 1 38 6918.1363 1e-05 1.0471975511966 0.0436332312998582 0 4.64955712731289
18 1 39 6928.1363 1e-05 1.0471975511966 0.0610865238198015 0 4.77522083345649
17 1 39 6918.1363 1e-05 1.0471975511966 0.0436332312998582 0 4.77522083345649
18 1 40 6928.1363 1e-05 1.0471975511966 0.0610865238198015 0 4.90088453960008
17 1 40 6918.1363 1e-05 1.0471975511966 0.0436332312998582 0 4.90088453960008
18 1 41 6928.1363 1e-05 1.0471975511966 0.0610865238198015 0 5.02654824574367
17 1 41 6918.1363 1e-05 1.0471975511966 0.0436332312998582 0 5.02654824574367
18 1 42 6928.1363 1e-05 1.0471975511966 0.0610865238198015 0 5.15221195188726
17 1 42 6918.1363 1e-05 1.0471975511966 0.0436332312998582 0 5.15221195188726
18 1 43 6928.1363 1e-05 1.0471975511966 0.0610865238198015 0 5.27787565803085
17 1 43 6918.1363 1e-05 1.0471975511966 0.0436332312998582 0 5.27787565803085
18 1 44 6928.1363 1e-05 1.0471975511966 0.0610865238198015 0 5.40353936417444
17 1 44 6918.1363 1e-05 1.0471975511966 0.0436332312998582 0 5.40353936417444
18 1 45 6928.1363 1e-05 1.0471975511966 0.0610865238198015 0 5.52920307031804
17 1 45 6918.1363 1e-05 1.0471975511966 0.0436332312998582 0 5.52920307031804
18 1 46 6928.1363 1e-05 1.0471975511966 0.0610865238198015 0 5.65486677646163
17 1 46 6918.1363 1e-05 1.0471975511966 0.0436332312998582 0 5.65486677646163
18 1 47 6928.1363 1e-05 1.0471975511966 0.0610865238198015 0 5.78053048260522
17 1 47 6918.1363 1e-05 1.0471975511966 0.0436332312998582 0 5.78053048260522
18 1 48 6928.1363 1e-05 1.0471975511966 0.0610865238198015 0 5.90619418874881
17 1 48 6918.1363 1e-05 1.0471975511966 0.0436332312998582 0 5.90619418874881
18 1 49 6928.1363 1e-05 1.0471975511966 0.0610865238198015 0 6.0318578948924
17 1 49 6918.1363 1e-05 1.0471975511966 0.0436332312998582 0 6.0318578948924
18 1 50 6928.1363 1e-05 1.0471975511966 0.0610865238198015 0 6.157521601036
17 1 50 6918.1363 1e-05 1.0471975511966 0.0436332312998582 0 6.157521601036
18 1 1 6928.1363 1e-05 1.0471975511966 0.0610865238198015 0 0
